qpos: [0.0, 0.5, 1.2, 1.24, 0.0, 0.5, 1.23, 1.3, 0.0, 0.5, 1.39, 1.27, 0.88, 0.69, 0.79, 1.37]

contact: 
  ff_proximal: 0
  ff_tip: 0
  mf_proximal: 0
  mf_tip: 0
  rf_proximal: 0
  rf_tip: 0
  th_tip: [-0.024033,-0.025979,0.057627,-0.374154,0.260864,-0.889920]
  palm: 
    - [-0.010410,-0.037807,0.011100,0.000978,0.000978,0.999999]
    - [-0.005901,0.038585,0.011100,0.000978,0.000978,0.999999]
    - [-0.005572,-0.003845,0.011100,0.000978,0.000978,0.999999]
