qpos: [0.0, 0.34, 0.6, 0.6, 0.0, 0.46, 0.6, 0.6, 0.0, 0.6, 0.6, 0.6, 0.42, 0.9, 0.7, 0.75]

contact: 
  ff_tip: 0
  mf_tip: [0.070434,-0.004108,0.086553,-0.942043,-0.335089,0.016438]
  rf_tip: [0.055835,0.043976,0.094387,-0.868141,-0.496272,-0.006688]
  th_tip: [-0.021633,-0.081485,0.082949,0.850543,0.524156,0.042873]
