qpos: [0.0, 1.49, 1.61, 1.5, 0.0, 1.5, 1.61, 1.5, 0.0, 1.5, 1.6, 1.51, 0.45, 0.21, 0.74, 0.69]

contact: 
  ff_proximal: [0.009689,-0.058285,0.027560,-0.087863,-0.996132,-0.001059]
  th_tip: [-0.000792,-0.094278,0.044641,0.336732,0.941056,-0.032009]
