qpos: [0.0, 0.24, 0.3, 0.23, 0.0, 0.25, 0.3, 0.24, 0.0, 0.26, 0.29, 0.21, 1.29, 0.52, 0.97, 0.51]

contact: 
  ff_proximal: 0
  ff_medial: 0
  ff_tip: 0
  mf_proximal: 0
  mf_medial: 0
  mf_tip: 0
  rf_proximal: 0
  rf_medial: 0
  rf_tip: 0
  th_tip: [0.009428,-0.004774,0.072255,0.590284,-0.147945,-0.793522]
  palm: 
    - [-0.010410,-0.037807,0.011100,0.000978,0.000978,0.999999]
    - [-0.005901,0.038585,0.011100,0.000978,0.000978,0.999999]
    - [-0.005572,-0.003845,0.011100,0.000978,0.000978,0.999999]
