qpos: [0.0, 0.82, 0.9, 0.84, 0.0, 0.85, 0.91, 0.82, 0.0, 0.78, 0.9, 0.79, 1.13, 0.88, 0.78, 0.75]

contact: 
  ff_proximal: 0
  ff_tip: 0
  mf_proximal: 0
  mf_tip: 0
  rf_proximal: 0
  rf_tip: 0
  th_medial: [-0.048973,-0.032649,0.052937,0.521407,0.753506,-0.400454]
  th_tip: [-0.016611,-0.006199,0.085653,0.529734,-0.096185,-0.842693]
  palm: [-0.010410,-0.037807,0.011100,0.000978,0.000978,0.999999]
  palm: [-0.005901,0.038585,0.011100,0.000978,0.000978,0.999999]
  palm: [-0.005572,-0.003845,0.011100,0.000978,0.000978,0.999999]
