qpos: [-0.01, 0.77, 0.64, 1.12, 0.0, 1.0, 1.03, 1.03, 0.0, 1.47, 0.89, 0.87, 0.42, 0.57, 0.86, 0.32]

contact: 
  ff_proximal: [0.027399,-0.057618,0.027015,-0.692345,-0.57934,0.718362]
  ff_tip: [0.030963,-0.052172,0.083132,-0.536376,-0.476222,-0.696788]
  mf_proximal: [0.023339,-0.010511,0.027855,-0.840871,-0.51350,0.541234]
  mf_tip: [-0.001991,-0.008710,0.074340,-0.155810,-0.736693,-0.658032]
  rf_proximal: [0.008994,0.033336,0.030255,-0.991218,-0.56343,0.100158]
  rf_tip: [-0.036087,0.031352,0.070478,-0.076963,-0.736232,-0.672338]
  th_tip: [-0.005784,-0.092321,0.069451,0.691018,0.722107,0.032502]
  palm: 
    - [-0.011893,-0.040834,0.011100,0.000978,0.000978,0.999999]
    - [-0.025091,-0.003818,0.011100,0.000978,0.000978,0.999999]
