qpos: [0.0, 0.6, 0.6, 0.6, 0.0, 0.6, 0.6, 0.6, 0.0, 0.6, 0.6, 0.6, 1.05, 0.9, 0.7, 0.75]

contact: 
  ff_tip: [0.055188,-0.045546,0.095154,-0.945381,0.316001,0.079984]
  mf_tip: [0.057487,0.003362,0.094700,-0.970851,0.238813,-0.020401]
  rf_tip: [0.054531,0.050076,0.094640,-0.998024,0.057963,-0.024239]
  th_tip: [-0.013608,-0.014715,0.102877,0.995536,0.093634,0.011839]
