qpos: [0., 0.6, 0., 0., 0., 0.6, 0., 0., 0., 0.6, 0., 0., 1.2, 0., 0., 0.]

contact: 
  ff_tip: [0.103252, -0.054972, 0.075132, -0.568080, -0.137941, 0.811331]
  mf_tip: [0.106436, -0.001217, 0.075572, -0.561711, -0.063670, 0.824880]
  rf_tip: [0.103320, 0.049706, 0.074700, -0.509900, -0.355482, 0.783348]
  th_tip: [-0.065654, -0.063036, 0.123617, 0.972603, 0.205090, 0.109465]
