qpos: [0.14, 0.61, 0.6, 0.6, 0.0, 0.83, 0.9, 0.6, -0.23, 1.18, 0.87, 0.71, 0.38, 1.0, 0.67, 0.75]

contact: 
  ff_tip: [0.053958,-0.068451,0.094312,-0.862386,-0.505443,0.028610]
  mf_tip: [0.019517,-0.008945,0.098776,-0.659653,-0.750444,0.041140]
  rf_tip: [-0.017259,0.054133,0.092614,-0.516807,-0.855920,0.017634]
  th_tip: [-0.032123,-0.082353,0.084457,0.580095,0.810406,0.082048]
