qpos: [0.0, 1.07, 0.65, 0.6, 0.0, 1.08, 0.6, 0.6, 0.0, 1.09, 0.6, 0.6, 1.05, 0.9, 0.67, 0.6]

contact: 
  ff_tip: [0.004081,-0.041487,0.109120,-0.938947,0.289013,0.186683]
  mf_tip: [0.007773,-0.002534,0.108039,-0.982879,-0.183640,0.015015]
  rf_tip: [0.005702,0.039095,0.107569,-0.865793,-0.499233,-0.034194]
  th_tip: [-0.015947,-0.020693,0.110001,0.992461,0.083180,0.090017]
