qpos: [-0.35, 1.16, 0.55, 0.55, -0.01, 1.02, 0.55, 0.55, -0.25, 1.0, 0.55, 0.55, 0.0, -0.35, 1.09, 0.55, 0.55, 0.19, 1.22, 0.13, 0.06, 0.42]

contact: 
    rh_ffdistal: [0.027506,-0.076968,0.128663,-0.734749,0.396140,-0.550651]
    rh_ffmiddle: [0.031477,-0.055407,0.138301,-0.773368,0.119776,-0.622539]

    rh_mfdistal: 0
    rh_mfmiddle: 0

    rh_rfdistal: 0
    rh_rfmiddle: 0

    rh_lfdistal: [-0.028741,-0.078154,0.125465,0.850014,0.278214,-0.447295]
    rh_lfmiddle: [-0.032377,-0.058499,0.133601,0.834455,0.054695,-0.548356]

    rh_thdistal: 0
    rh_thmiddle: 0
