qpos: [-0.23, 0.03, 0.75, 0.75, 0.01, 0.03, 0.75, 0.75, -0.17, 0.0, 0.8, 0.8, 0.09, -0.32, -0.01, 0.86, 0.86, -0.21, 0.63, -0.16, 0.38, 0.42]

contact: 
    rh_ffdistal: 0
    rh_mfdistal: 0
    rh_rfdistal: 0
    rh_lfdistal: [-0.041244,-0.046222,0.171374,0.896628,-0.019925,-0.442336]

    rh_thdistal: 0
    rh_thmiddle: 0
    rh_palm: 1


