qpos: [-0.21, 1.15, 0.4, 0.4, -0.01, 0.99, 0.44, 0.44, -0.1, 1.07, 0.35, 0.35, 0.19, -0.35, 0.87, 0.55, 0.55, 0.25, 1.22, 0.21, -0.14, 0.42]

contact: 
    rh_ffdistal: [0.030415,-0.091999,0.134640,-0.558883,-0.160323,-0.813601]
    rh_mfdistal: [0.011946,-0.088189,0.148648,-0.009552,-0.081724,-0.996609]
    rh_rfdistal: [-0.007902,-0.091167,0.146055,0.677164,-0.210154,-0.705184]
    rh_lfdistal:  [-0.020992,-0.093509,0.130743,0.906974,-0.142464,-0.396360]
    rh_thdistal: [0.026478,-0.096669,0.100044,-0.682438,0.206752,0.701093]

