qpos: [-0.35, 0.57, 0.78, 0.78, -0.08, 0.98, 0.77, 0.77, -0.1, 1.4, 1.4, 1.4, 0.0, -0.35, 1.4, 1.4, 1.4, -0.02, 0.93, 0.03, 0.2, 0.42]

contact: 
    rh_ffdistal: [0.041675,-0.072059,0.151972,-0.348474,-0.053511,-0.935790]
    rh_mfdistal: [0.019518,-0.073991,0.141528,0.969670,-0.243919,-0.015620]
    rh_thdistal: [0.052719,-0.082643,0.118956,-0.791128,0.194339,0.579956]
