qpos: [-0.09, 1.39, 0.99, 0.99, -0.1, 1.44, 0.98, 0.98, 0.08, 1.34, 1.01, 1.01, 0.0, 0.03, 1.19, 1.04, 1.04, -0.87, 0.52, -0.12, -0.57, 0.09]

contact: 
    rh_ffdistal: 0
    rh_ffmiddle: 0
    rh_ffproximal: 0

    rh_mfdistal: 0
    rh_mfmiddle: 0
    rh_mfproximal: 0

    rh_rfdistal: 0
    rh_rfmiddle: 0
    rh_rfproximal: 0

    rh_lfdistal: 0
    rh_lfmiddle: 0
    rh_lfproximal: 0

    rh_thmiddle:  [0.084053,-0.019716,0.087025,-0.060542,-0.402270,0.913517]
    rh_palm: [0.034226,-0.012000,0.116197,0.000978,-0.999999,0.000978]
    rh_palm: [0.006835,-0.011000,0.102142,0.001840,-0.999996,-0.002368]
    rh_palm: [-0.011484,-0.012000,0.100742,0.000978,-0.999999,0.000978]
