qpos: [-0.01, 0.98, 1.25, 1.17, 0.03, 1.55, 1.34, 1.34, -0.1, 1.57, 1.35, 1.35, 0.0, -0.25, 1.57, 1.36, 1.36, -0.14, 0.27, 0.03, 0.45, 0.46]

contact: 
    rh_ffmiddle: [0.042081,-0.045732,0.146085,0.987937,0.090453,-0.125695]
    rh_thdistal: [0.062602,-0.039107,0.143404,-0.955647,-0.021071,0.293759]
