qpos: [-0.32, 0.04, 0.37, 0.37, 0.14, 0.61, 1.14, 1.14, -0.2, 0.85, 1.04, 1.04, 0.08, -0.16, 0.98, 0.97, 0.97, 0.12, 0.36, -0.09, 0.16, 0.23]

contact: 
    rh_ffdistal: [0.065040,-0.027087,0.201835,0.878077,-0.291685,-0.379342]
    rh_ffmiddle: [0.056913,-0.012680,0.179424,0.619865,-0.616506,-0.485477]
    rh_ffproximal: [0.044788,-0.008681,0.150041,0.475777,-0.857591,-0.195382]

    rh_mfdistal: 0
    # rh_mfmiddle: 0
    rh_mfproximal: 0

    rh_rfdistal: 0
    # rh_rfmiddle: 0
    rh_rfproximal: 0

    rh_lfdistal: 0
    # rh_lfmiddle: 0
    rh_lfproximal: 0
    rh_lfmetacarpal: [-0.024080,-0.013501,0.086105,0.106360,-0.991545,-0.074337]

    rh_thdistal: 0
    
    rh_palm: [0.009249,-0.011000,0.109577,0.000978,-0.999999,0.000978]
