qpos: [-0.12, 0.16, 0.41, 0.41, -0.01, 0.1, 0.48, 0.48, -0.1, 0.12, 0.48, 0.48, 0.0, -0.17, 0.13, 0.46, 0.46, 0.3, 1.22, 0.15, 0.36, 0.8]

contact: 
    rh_ffdistal: 0
    rh_mfdistal: 0
    rh_rfdistal: 0
    rh_lfdistal: 0
    rh_thdistal: 0
    rh_thmiddle: 0
    rh_palm: [0.002586,-0.011000,0.093644,-0.000978,-0.999999,0.000978]

