qpos: [-0.27, -0.1, 0.77, 0.77, 0.28, 1.11, 1.38, 1.38, -0.27, 1.31, 1.39, 1.39, 0.04, -0.28, 1.28, 1.41, 1.41, 0.17, 1.09, 0.01, 0.43, 0.71]

contact: 
    rh_ffmiddle: 0
    rh_mfdistal: 0
    rh_mfproximal: 0
    rh_mfproximal: [0.016826,-0.022547,0.144944,0.987131,-0.064404,0.146372]

    rh_rfdistal: 0
    rh_rfproximal: 0

    rh_lfdistal: 0
    rh_lfproximal: 0

    rh_thmiddle: 0
    rh_thmiddle: [0.047881,-0.053063,0.096954,0.840038,0.307027,0.447293]

