qpos: <key qpos='-0.017 0.47 0.74 0.74 -0.02 0.49 0.74 0.74 0.03 0.47 0.74 0.74 0.0 0.05 0.36 0.74 0.74 0.1 1.22 0.16 0.11 0.7'/>

contact: 
    rh_ffdistal: 0
    rh_ffmiddle: 0
    rh_ffproximal: 0

    rh_mfdistal: 0
    rh_mfmiddle: 0
    rh_mfproximal: 0

    rh_rfdistal: 0
    rh_rfmiddle: 0
    rh_rfproximal: 0

    rh_lfdistal: 0
    rh_lfmiddle: 0
    rh_lfproximal: 0
    rh_lfmetacarpal: 0

    rh_thdistal: [0.032917,-0.079115,0.102484,-0.132671,0.642924,0.754352]
    rh_thmiddle: [0.037026,-0.055621,0.086727,-0.394036,0.260128,0.881516]
    rh_palm: 1
