qpos: [0.02, 0.62, 0.53, 0.53, 0.3, 1.43, 1.07, 1.07, -0.29, 1.57, 1.57, 1.57, 0.0, -0.35, 1.57, 1.57, 1.57, -0.27, 0.54, -0.02, 0.53, 1.01]

contact: 
    rh_ffdistal: [0.031226,-0.076602,0.168339,0.023583,-0.289203,-0.956977]
    rh_mfmiddle: [0.020672,-0.052074,0.130461,0.955540,0.001223,0.294859]
    rh_thdistal: [0.047275,-0.047179,0.127618,-0.820730,0.566660,-0.072795]
    rh_palm: [0.041710,-0.009404,0.110438,0.924236,-0.381328,0.019390]
