qpos: [-0.35, 0.26, 0.93, 0.93, -0.07, 0.29, 1.03, 1.03, -0.07, 0.66, 1.32, 1.32, 0.0, -0.08, 1.11, 1.3, 1.3, -0.35, 0.77, 0.06, 0.5, 0.6]

contact:
    rh_ffdistal: [0.040639,-0.046507,0.174082,-0.949658,-0.073848,0.304461]
    rh_ffmiddle: [0.042088,-0.033618,0.179753,-0.975722,-0.054543,0.212113]
    rh_mfdistal: [0.022408,-0.046000,0.175064,0.991427,-0.048722,-0.121237]
    rh_mfmiddle: [0.022208,-0.035175,0.177148,0.873175,-0.106485,-0.475632]

