qpos: [-0.12, 0.78, 0.71, 0.71, -0.06, 0.29, 0.7, 0.7, 0.08, 0.29, 0.79, 0.79, 0.0, 0.12, 0.43, 0.68, 0.67, -0.09, 1.04, 0.04, 0.57, 0.41]

contact:
    rh_ffdistal: [0.037841,-0.079346,0.142546,0.237715,-0.163346,-0.957502]
    rh_thdistal: [0.038784,-0.080643,0.121956,-0.259451,0.150349,0.953981]
