qpos: [0.0, 0.74, 0.99, 0.99, 0.03, 1.39, 1.26, 1.26, 0.0, 1.42, 1.39, 1.39, 0.0, 0.0, 1.57, 1.57, 1.57, 0.13, 0.59, 0.02, 0.41, 0.54]

contact: 
    rh_ffdistal: 0
    rh_mfmiddle: [0.019979,-0.048671,0.130720,0.990695,0.130206,-0.039628]
    rh_thdistal: [0.046935,-0.051681,0.131123,-0.991971,-0.094964,-0.083522]