qpos: [-0.35, 0.99, 0.5, 0.5, -0.08, 0.95, 0.46, 0.46, -0.35, 1.19, 0.47, 0.47, 0.0, -0.35, 1.32, 1.28, 1.28, 0.06, 1.22, 0.09, 0.28, 0.42]

contact: 
    rh_ffdistal: [0.033482,-0.087916,0.141383,-0.668188,-0.123518,-0.733667]
    rh_mfdistal: [0.015184,-0.087193,0.150556,0.147554,-0.120726,-0.981658]
    rh_rfdistal: [-0.004621,-0.086975,0.130356,0.989507,0.028336,-0.141682]
    rh_thdistal: [0.027227,-0.090681,0.108583,-0.693779,0.333079,0.638537]