qpos: [-0.35, 0.87, 0.64, 0.64, 0.3, 1.2, 0.55, 0.55, 0.02, 1.45, 1.13, 1.13, 0.0, -0.02, 1.34, 1.37, 1.37, -0.3, 0.92, -0.05, 0.24, 0.53]

contact: 
    rh_ffdistal: 0
    rh_ffmiddle: 0
    rh_ffproximal: 0

    rh_mfdistal: 0
    rh_mfmiddle: 0
    rh_mfproximal: 0

    rh_rfdistal: [-0.002927,-0.052112,0.105897,0.999780,0.000997,-0.020933]
    rh_rfmiddle: [-0.002244,-0.053791,0.118693,0.998102,0.041367,-0.045609]
    rh_rfproximal: [-0.002234,-0.036335,0.131095,0.964888,-0.028199,-0.261145]

    rh_thdistal: 0
    rh_thmiddle: 0
    
    rh_palm: [0.013196,-0.012000,0.097831,0.000978,-0.999999,0.000978]