qpos: [-0.35, 0.51, 0.86, 0.86, 0.08, 1.33, 1.14, 1.14, -0.2, 1.57, 1.01, 1.01, 0.13, -0.14, 1.57, 1.04, 1.04, 0.81, 0.52, -0.03, -0.11, 0.0]

contact: 
    rh_ffdistal: [0.050978,-0.020734,0.154174,0.777537,-0.373412,-0.505965]

    rh_mfdistal: 0
    rh_mfmiddle: 0
    rh_mfproximal: 0

    rh_rfdistal: 0
    rh_rfmiddle: 0
    rh_rfproximal: 0

    rh_lfdistal: 0
    rh_lfmiddle: 0
    rh_lfproximal: 0

    rh_thdistal: 0

    rh_lfmetacarpal: [-0.024080,-0.013501,0.086105,0.106360,-0.991545,-0.074337]
    rh_palm: [0.000253,-0.011000,0.105350,0.000978,-0.999999,0.000978]
