qpos: [0.0, 0.9, 0.64, 0.64, 0.0, 0.9, 0.23, 0.23, 0.0, 0.38, 0.53, 0.53, 0.0, -0.15, 0.37, 0.42, 0.42, -0.4, 1.22, -0.1, 0.45, 0.55]

contact: 
    rh_ffdistal: 0
    rh_ffmiddle: 0
    rh_ffproximal: 0

    rh_mfproximal: 0

    rh_thdistal: [0.055475,-0.079818,0.092350,-0.094820,0.488254,0.867535]
    rh_thmiddle: [0.054268,-0.051493,0.075475,-0.172433,0.304862,0.936657]
    
    rh_palm: [0.033544,-0.012000,0.115512,0.000978,-0.999999,0.000978]
