qpos: [-0.35, 0.36, 0.53, 0.53, 0.12, 1.34, 1.25, 1.25, -0.2, 1.57, 1.2, 1.2, 0.13, -0.16, 1.57, 1.23, 1.23, 0.94, 0.7, -0.08, -0.02, 0.0]

contact:
    rh_ffmiddle: [0.053723,-0.025944,0.166596,0.517519,-0.422230,-0.744242]

    rh_mfdistal: [0.015753,-0.035031,0.101655,-0.000981,0.999995,0.002944]
    rh_rfdistal: [-0.002064,-0.029932,0.090065,-0.065566,0.952632,0.296974]
    rh_lfdistal: [-0.025232,-0.029042,0.077894,-0.119769,0.991227,0.055892]

    rh_lfmetacarpal: [-0.031181,-0.013752,0.092860,0.104097,-0.991784,-0.074355]
    rh_palm: [0.000253,-0.011000,0.105350,0.000978,-0.999999,0.000978]
    rh_thdistal: [0.053699,-0.036957,0.151226,-0.326821,0.668277,0.668277]
