qpos: [-0.09, 1.0, 0.8, 0.8, -0.1, 1.06, 0.8, 0.8, 0.08, 1.02, 0.8, 0.8, 0.0, 0.03, 0.88, 0.8, 0.8, -0.05, 1.0, -0.12, 0.32, 0.56]

contact: 
    rh_ffdistal: 0
    rh_ffmiddle: 0
    rh_ffproximal: 0

    rh_mfdistal: 0
    rh_mfmiddle: 0
    rh_mfproximal: 0

    rh_rfdistal: 0
    rh_rfmiddle: 0
    rh_rfproximal: 0

    rh_lfdistal: 0
    rh_lfmiddle: 0
    rh_lfproximal: 0

    rh_thdistal: [[0.053439,-0.068618,0.120025,0.006945,0.715375,0.698706]]

    rh_palm: 
        - 0
        - 1
        - 2
