qpos: [-0.25, 0.8, 0.7, 0.7, 0.02, 0.9, 0.7, 0.7, -0.13, 0.9, 0.65, 0.65, 0.0, -0.28, 1.5, 1.5, 1.5, -0.03, 1.2, 0.14, 0.6, 0.4]

contact: 
    rh_ffdistal: [0.039854,-0.079858,0.140979,0.111644,-0.163172,-0.980260]
    rh_mfdistal: [0.012478,-0.080921,0.137793,0.092032,-0.047679,-0.994614]
    rh_rfdistal: [-0.012890,-0.081307,0.136955,0.128603,0.090848,-0.987526]
    rh_thdistal:  [0.024949,-0.086063,0.114631,-0.135556,-0.001102,0.990769]
