qpos: [-0.05, -0.08, 0.7, 0.7, 0.02, 0.02, 0.7, 0.7, -0.13, 0.14, 0.65, 0.65, 0.0, -0.28, 0.11, 0.7, 0.7, 0.37, 1.1, 0.14, -0.13, 0.35]

contact:
  rh_ffdistal: [0.039992, -0.032616, 0.193218, 0.287494, -0.435085, -0.853258]
  rh_mfdistal: [0.012012, -0.038385, 0.193516, 0.018820, -0.319933, -0.947253]
  rh_rfdistal: [-0.017492, -0.048722, 0.188418, 0.119969, -0.373696, -0.919760]
  rh_lfdistal: [-0.050631, -0.048162, 0.175843, 0.262266, -0.308634, -0.914309]
  rh_thdistal: [0.039696, -0.083093, 0.117233, 0.205568, 0.392182, 0.896624]
