qpos: [1.2, 0.05, 0.08, 0.12, 0.6, 0.6, 0.6, 0.6, 0.6, 0.6, 0.6, 0.6]

contact: 
    R_hand_base_link: [-0.013181, -0.113797, -0.023115, -0.996507, -0.070636, -0.044555]
    # R_hand_base_link_aux: [-0.013636, -0.110447, 0.016199, -0.998393, -0.039008, 0.041116]

    # R_thumb_proximal_base: [0.0, 0.0, 0.0, 0.0, 0.0, 0.0]
    R_thumb_proximal: [-0.045179, -0.091298, -0.020835, 0.536308, -0.839501, 0.087239]
    R_thumb_intermediate: [-0.076704, -0.108161, -0.023407, 0.453937, -0.877417, 0.155180]
    R_thumb_distal: [-0.093403, -0.123242, -0.027035, 0.732422, -0.673711, 0.098341]

    R_index_proximal: [-0.016065, -0.145880, -0.025593, -0.920141, 0.389443, 0.040924]
    R_index_intermediate: [-0.033057, -0.163053, -0.028171, -0.468131, 0.878625, -0.094189]
    # R_index_tip: [-0.053255, -0.168492, -0.027533, -0.281985, 0.959241, -0.018471]

    R_middle_proximal: [-0.015404, -0.144801, -0.007277, -0.922507, 0.385351, -0.022057]
    R_middle_intermediate: [-0.033273, -0.163576, -0.007878, -0.464300, 0.878904, -0.109331]
    # R_middle_tip: [-0.055730, -0.169761, -0.007759, -0.316468, 0.946821, -0.058127]

    R_ring_proximal: [-0.015356, -0.144164, 0.013293, -0.923189, 0.384343, 0.001277]
    R_ring_intermediate: [-0.032504, -0.162928, 0.013402, -0.482906, 0.872030, -0.079784]
    # R_ring_tip: [-0.052456, -0.168677, 0.013367, -0.233077, 0.966695, -0.105712]

    R_pinky_proximal: [-0.015732, -0.143499, 0.032521, -0.922518, 0.385780, -0.011612]
    R_pinky_intermediate: [-0.030758, -0.160947, 0.033748, -0.523805, 0.841882, -0.129857]
    # R_pinky_tip: [-0.047000, -0.166001, 0.033784, -0.235114, 0.960159, -0.151051]