qpos: [0.383,0.25,0.328,0.06,0.560645,0.561346,0.757356,0.755644,0.95611,0.947908,1.339,1.05803]

contact: 
    R_thumb_distal: [-0.052525,-0.140380,-0.064471,0.510774,-0.484154,0.710425]
    R_index_proximal: [-0.015179,-0.146146,-0.029778,-0.867997,0.310764,-0.387307]
    R_index_intermediate: [-0.052522,-0.173889,-0.032463,-0.244082,0.542578,-0.803762]
    R_middle_proximal: [-0.015788,-0.141325,-0.008635,-0.850580,0.520504,-0.074761]
    R_middle_intermediate: [-0.059284,-0.156204,-0.011467,0.018110,0.759230,-0.650570]
    R_ring_intermediate: [-0.059038,-0.137519,0.008498,0.292920,0.786925,-0.543089]
    R_pinky_intermediate: [-0.050838,-0.116288,0.024357,0.154152,0.177084,-0.972049]
    R_hand_base_link: 
      - [-0.013118,-0.115641,-0.021205,-0.995613,-0.084337,-0.040525]
      - [-0.014263,-0.094260,0.023432,-0.989873,-0.135552,0.042147]