qpos: [1.2, 0.15, 0.24, 0.36, 0.65, 0.65, 0.65, 0.65, 0.65, 0.65, 0.65, 0.65]

contact: 
    R_thumb_distal: [-0.078681, -0.132768, -0.026235, 0.948877, -0.310284, 0.067937]
    R_index_intermediate: [-0.055438, -0.164330, -0.025850, -0.214069, 0.958659, 0.187477]
    R_middle_intermediate: [-0.056863, -0.164956, -0.006614, -0.166249, 0.984525, 0.055416]
    R_ring_intermediate: [-0.055171, -0.164482, 0.013717, -0.195544, 0.975231, -0.103377]
    R_pinky_intermediate: [-0.049593, -0.162290, 0.034041, -0.208264, 0.966292, -0.151347]