template_path: assets/hand/leap/taxonomy
# xml_path: third_party/mujoco_menagerie/leap_hand/right_hand.xml
xml_path: assets/hand/leap/right.xml
keypoints_path: assets/hand/leap/template_keypoints.yaml
color: [0.132868, 0.496933, 0.144129, 1.0]

handframe_skeleton:
    palm: [
        [-0.09, 0.004, -0.012, -0.01, 0.004, -0.012],
        [-0.09, -0.036, -0.012, -0.01, -0.036, -0.012],
        [-0.09, -0.076, -0.012, -0.01, -0.076, -0.012],
    ]
    if_bs: [[-0.027, 0.06, 0.014, -0.027, 0.02, 0.014]]
    mf_bs: [[-0.027, 0.06, 0.014, -0.027, 0.02, 0.014]]
    rf_bs: [[-0.027, 0.06, 0.014, -0.027, 0.02, 0.014]]
    if_px: [[-0.04, 0.0, -0.011, 0.01, 0.0, -0.011]]
    mf_px: [[-0.04, 0.0, -0.011, 0.01, 0.0, -0.011]]
    rf_px: [[-0.04, 0.0, -0.011, 0.01, 0.0, -0.011]]
    if_md: [[0.002, 0.0, 0.015, 0.002, -0.035, 0.015]]
    mf_md: [[0.002, 0.0, 0.015, 0.002, -0.035, 0.015]]
    rf_md: [[0.002, 0.0, 0.015, 0.002, -0.035, 0.015]]
    if_ds: [[0.0, 0.0, 0.014, 0.0, -0.03, 0.014]]
    mf_ds: [[0.0, 0.0, 0.014, 0.0, -0.03, 0.014]]
    rf_ds: [[0.0, 0.0, 0.014, 0.0, -0.03, 0.014]]
    th_mp: [[-0.005, -0.015, -0.012, -0.005, 0.015, -0.012]]
    th_px: [[0.0, -0.015, -0.014, 0.0, 0.04, -0.014]]
    th_ds: [[0.0, -0.04, -0.014, 0.0, 0.01, -0.014]]
