qpos: [0.0105, 0.724, -1.18, 0.935, 0.899, 0.935, 0.899]

contact: 
    right_hand_thumb_2_link: [0.023939, 0.098023, -0.000265, 0.998739, -0.034439, -0.036527]
    right_hand_index_1_link: [0.082702, 0.084379, 0.028880, -0.962738, -0.101544, -0.250646]
    right_hand_middle_1_link: [0.083667, 0.079039, -0.030812, -0.989688, 0.096527, -0.105830]
